436
489
542
595
648
701
754
807
860
913
966
1916
1969
2022
2075
2128
2393
2446
2499
2552
2553
2554
2555
2556
962
963
964
965
2609
2662
2663
2664
2665
2666
2667
2668
2721
2774
2827
2880
2887
2834
2781
2728
2675
2676
2677
2678
2679
2680
2681
2682
2683
2684
2685
2686
2687
2688
2689
2690
2691
2692
2693
2694
2695
2642
2589
2536
2535
2482
2429
2376
2323
2270
2217
2164
2111
2058
2059
2483
2006
1953
1954
1955
1956
1957
1958
1959
447
608
2151
2152
2153
2154
2155
2156
2157
2158
2159
2211
2212
2264
2265
2317
2318
2370
2371
2366
2367
2368
2369
2206
2200
2253
2306
2307
2308
2309
2310
2313
2314
2315
2316
1895
2160
2319
1471
1312
2140
1680
1675
1599
1960
1907
1854
2881
2882
2883
2884
2885
2886
1801
1748
1747
1746
1745
1744
1743
1742
1741
1740
1687
1634
1581
1475
1528
1422
1369
1316
1263
1210
1157
1104
1051
998
945
892
839
786
787
788
735
682
629
576
523
470
417
416
415
414
413
412
465
518
571
624
677
676
623
570
569
621
674
727
780
781
782
783
836
835
834
833
832
779
726
673
672
671
670
669
668
667
666
665
664
663
662
661
714
554
555
552
551
604
657
656
655
654
653
652
651
598
545
492
439
440
387
334
281
280
279
278
277
276
275
274
273
326
379
432
485
538
591
644
697
750
803
802
801
854
907
960
961
1019
1018
1017
1016
1069
1122
1175
1228
1281
1334
1387
1440
1493
1494
1495
1496
1497
1498
1499
1500
1501
1502
1503
1504
1505
1506
1507
1508
1509
1510
1457
1458
1405
1352
1299
1246
1193
1192
1191
1244
1137
1138
1135
1134
1187
1240
1239
1186
1185
1184
1183
1182
1129
1338
1285
1126
967
1023
970
861
1077
1024
971
918
919
920
921
922
923
924
925
926
927
928
929
930
983
1036
1089
1142
1195
1194
1616
1562
1669
1722
1670
1673
1829
1832
1939
1886
1833
1780
1727
1674
1622
1623
1624
1625
1626
1627
1681
1682
1735
1788
1841
1894
1947
1946
1945
1944
1943
1940
1781
1783
1784
1732
1731
1733
1734
1775
1828
1881
1934
1933
1932
1931
1878
1879
1880
1827
1774
1721
1615
1668
1560
1613
1666
1719
1718
1716
1715
1662
1609
1556
1547
1600
1653
1706
1759
1812
1865
1866
1867
1868
1869
1870
1871
1874
1875
1927
1928
1924
1923
1922
1921
1920
1919
1918
1917
2129
2130
2077
2394
2395
2396
2397
2398
2399
2346
2347
2348
2351
2352
2353
2300
2247
2194
2141
2087
2086
2139
2192
2245
2083
2136
2188
2187
2186
2184
2078
2079
2080
2081
2082
2236
2183
2289
2342
2343
2344
2345
2292
2293
2294
2295
1124
1125
1177
1178
1230
1231
1283
1284
1336
1337
1389
1390
1130
1664
1729
1728
1730
1663
1665
1083
1082
1084
499
501
446
448
2564
2301
2304
2145
2142
2358
2305
2252
2199
2146
2147
2148
2149
2150
1519
1520
1466
1467
1413
1414
1360
1361
1307
1309
1308
1362
1415
1468
1469
1416
1363
1310
1736
2363
2359
2360
2361
2362
1042
989
935
931
1090
1355
1412
936
937
938
939
940
993
992
1045
1046
1044
991
990
941
2135
2131
2133
2132
568
2298