275
276
277
278
279
280
326
334
379
387
413
414
415
416
432
436
439
447
465
470
485
489
492
499
501
518
523
538
542
545
552
554
569
571
576
591
595
598
604
608
621
623
624
629
644
648
651
652
653
654
655
656
657
661
662
663
664
665
666
667
668
669
670
671
672
674
676
677
682
697
701
714
726
727
735
750
754
779
781
782
783
786
787
802
803
807
832
833
834
835
836
839
854
860
861
892
907
913
918
919
920
921
922
923
924
925
926
927
928
929
930
936
937
938
939
940
941
945
961
962
963
964
965
967
970
983
989
990
993
998
1017
1018
1019
1023
1036
1042
1044
1045
1046
1051
1069
1077
1083
1089
1104
1122
1124
1125
1126
1129
1135
1137
1142
1157
1175
1177
1178
1182
1183
1184
1185
1186
1187
1191
1192
1194
1195
1210
1228
1230
1231
1239
1240
1244
1246
1263
1281
1283
1285
1299
1316
1334
1336
1337
1369
1387
1389
1390
1405
1422
1440
1457
1458
1475
1494
1495
1496
1497
1498
1499
1500
1501
1502
1503
1504
1505
1506
1507
1508
1528
1547
1556
1560
1562
1581
1600
1609
1613
1615
1616
1622
1623
1624
1625
1626
1627
1634
1653
1662
1664
1666
1668
1670
1673
1674
1681
1682
1687
1706
1715
1716
1718
1719
1721
1722
1727
1729
1731
1732
1733
1734
1736
1740
1741
1742
1743
1744
1745
1759
1774
1775
1780
1781
1783
1784
1788
1812
1827
1829
1832
1833
1866
1867
1868
1869
1870
1871
1874
1875
1878
1879
1881
1886
1894
1895
1917
1918
1919
1920
1921
1922
1923
1924
1927
1928
1931
1932
1934
1939
1940
1943
1944
1945
1946
1969
2006
2022
2058
2075
2077
2078
2079
2080
2081
2082
2083
2086
2111
2129
2132
2136
2139
2141
2142
2148
2149
2150
2151
2152
2153
2154
2155
2156
2157
2164
2184
2186
2187
2188
2192
2194
2217
2236
2245
2247
2270
2289
2292
2293
2294
2295
2298
2301
2323
2343
2344
2347
2348
2351
2352
2353
2376
2394
2395
2396
2397
2398
2429
2446
2482
2499
2553
2554
2555
2556
2564
2609
2663
2664
2665
2666
2667
2668
2675
2676
2677
2678
2686
2687
2688
2689
2690
2721
2728
2881
2882
2883
2884
2885
2886
2399
2685
2147
2158
2288
2535
2536
2589
1954
1957
1955
1956
2679
2680
2642
2691
274
2692
2693
2694
1509
1510
1746
1747
1748
2774
2827
2681
2682
2683
2684
2834
2781
2146
2199
2252
2305
2358
2306
2359
2307
2360
2361
2308
2309
2362
2363
2310
2366
2313
2367
2314
2315
2368
2369
2316
2370
2317
2371
2318
2265
2212
2159
1947
2087
1958
1959
1960
1933
1953
1841
