324
325
326
327
328
329
330
331
332
333
334
335
336
337
338
339
340
341
342
343
344
345
346
347
348
349
350
351
352
376
406
429
459
477
478
479
480
481
482
512
553
554
555
556
557
558
559
560
561
565
581
582
597
608
618
628
632
633
635
661
671
672
673
674
675
676
677
679
680
682
683
684
688
714
731
737
741
742
743
767
784
790
794
799
802
803
804
807
808
809
810
811
812
813
814
815
816
817
818
821
822
823
824
825
837
843
844
847
854
872
873
890
900
907
925
926
943
953
960
978
979
996
997
998
1001
1002
1003
1004
1005
1013
1031
1033
1034
1035
1036
1037
1038
1059
1067
1068
1081
1082
1084
1092
1093
1094
1095
1112
1120
1121
1134
1135
1136
1144
1148
1165
1172
1189
1197
1201
1218
1226
1227
1228
1229
1230
1231
1232
1233
1234
1235
1236
1237
1238
1239
1240
1250
1254
1257
1258
1271
1303
1307
1310
1311
1324
1356
1360
1373
1374
1377
1409
1413
1414
1415
1426
1427
1430
1462
1466
1467
1468
1481
1482
1515
1519
1534
1535
1568
1572
1589
1621
1625
1626
1627
1628
1629
1642
1674
1682
1688
1689
1690
1691
1692
1693
1694
1727
1731
1734
1735
1741
1780
1784
1794
1833
1837
1845
1846
1886
1890
1891
1892
1893
1894
1895
1896
1897
1898
1899
1900
1901
1902
1903
1904
1905
1906
1939
1960
1992
2013
2024
2027
2046
2047
2048
2049
2050
2051
2052
2053
2054
2055
2056
2057
2058
2059
2060
2061
2062
2063
2064
2065
2181
2188
2235
2236
2237
2238
2239
2240
1241
756
744
650
703
747
552
551
550
549
548
547
546
545
542
544
798
543
541
540
748
745
175
